# Generated by tools/generate_tables.py — do not edit by hand.
# stored byte|item id
# Source: src/item.c (DeserializeKeyItemSlots)
# FRLG+ shrank the Key Items pocket to one byte per slot; this is the decode table.
1|259
2|260
3|261
4|262
5|263
6|264
7|265
8|266
9|267
10|268
11|269
12|270
13|271
14|272
15|273
16|274
17|275
18|276
19|277
20|278
21|279
22|280
23|281
24|282
25|283
26|284
27|285
28|286
29|287
30|288
31|349
32|350
33|351
34|352
35|353
36|354
37|355
38|356
39|357
40|358
41|359
42|360
43|361
44|362
45|363
46|364
47|365
48|366
49|367
50|368
51|369
52|370
53|371
54|372
55|373
56|374
57|375
58|376
59|112
